1
9
0 10 12 31 30 24 12 11 13
10 0 30 14 30 18 4 36 5
12 30 0 30 12 3 0 30 8
31 14 30 0 2 22 31 19 14
30 30 12 2 0 35 12 24 21
24 18 3 22 35 0 12 26 33
12 4 0 31 12 12 0 35 8
11 36 30 19 24 26 35 0 9
13 5 8 14 21 33 8 9 0

cout 45